HISTORIARUM LIBROS Ι 616

1111616111111111 moin 6161111161, 69, 97. 60, 66. 66, 14. 46, 0. 44,
66, 1. 6166161661111111161111661, 14. 46, 96. 0616611 1111111 dcccci
1111. ,-661661661116111611,16661111661 16111111,7, 10. 96. 6167. 10,44.

. 11161, 10. 666161 6111161, 94. 6611111 0616611611166161116616111111116616,
1661116666111611616161161161161116 04, 69. 67 66. 11 69. 6116. 7 99
111116,661.16111161111111166161111·114940,.1664.1146.46,,69.-·
61161, 9616161161161111111161, 67. -·· ε11111111111116161111111161,60,16.
cadit 116161, 6616 11661111 Boii, 11111. 16 0116611111 1611116 quindecim 1116111
1161611611 61116 1116 116161116016111, 6111111, 66, 14.

69. triunphat 11 11611116. defendit 061661 116111, 1111111 11111161αῶ116.
1..66161666111,66,66. 611116161611111, ²³’..¹¹ 97, 67

69, 40. triumvir 1166111111 6616611161· - 111111, 6, 90. 10, 46.
1161111.66.46,14.1611161111161- ·· ς1161161161111111661111,7,67.
1166611111 1111616116111116111161. 46,9. - moralis, 6, 90. 10, 46.

Ρ. 0611111161 ‘Scipio 1111161 6161111616 -11111111,10,46.

1116616666 cd Pythium jugo 6111611, 0116111 orbem 66666661, 161116111,
44, 661161 161111.. 11161116 hollo 7, 97.96,1946,16.

conoquium, 66 1111111161 6166116616, 1610616611111116, 9, 17. 4, 64. 9, ’
46 0111111111 1611111 11611. 46 49.

411611.
46. 0616111161 111 666116616611111116611-
9. 0611111161 66111, 6111161, 96, 916111- 111, 64, 66. 66, 67. 40. 67.
161 iurisdictionem 6111161111 116116. 0111111,66611111,11,11.. ¹
11111161,6.161161116611161111 6116161 06161161,49,441166.1611111’111111·
11111,196111.111619.99.1141 1161,67.101111161661611611111111111
¹ 1.66111111161111,,1111116111111-1111111 1101111 ¹¹¹ 1911611111 miii*
161 siciliam. 1111461, 46, 4.
611.061111111,111111,1,41. 0616111616,161061661611611116111166·,
Ser. 0611111161, 116116 Quirinalis, 66111- 1111199101 30111191 86190·
lentio 16611661, 9, 69. 061666, 61111, 69, 49.
6160611161161, 166161, 10, 1. Corporibus 1611111111 11161 Annibal do-
661. 0611161161,11116116161111661, 99, 9. 1011116Ιί196 9001, 961.
Scr- 0611111161 11616111, 111111 curulis, 00111691919110119911091011311971 “
96,10. . . 0611116111161116, 66, 16.
611 061611111111616161,1161161,49,67 06116661,16611611616166161,49,67.
6111161, 46 16. 1ο11111116161111111,17 0611111116, 66111111 regulo· Hupmo, 11
ser. 0611111161 Maluginensis tribunus 1616161161, 66 99.
miiitum 6661611111 66166191, 6, 66. 0611161, 11111111, 99,·61. 60, 69

1161616,6,6. 11111661, 1666111661, 06111116161661,40,19111166111111611Μ1

99.66161616,97.11111661,66.11611- Pinario, 6111611, 94. 41111661ίά11,
166111, 6611111. vincuntur 1 0. 01111116, prante,
661. 0611161161 Maluginensis, 1111611111 49,7.1116111 1111, 11111161 oon
16611616,7,9.1611611611111 661116,11111.111111111,-
611. Cornelius 66111, 6111161, 16111161 66616116666161111111160. 0161111111,
61161611664196116111111614161. 91.
16611111,46,17. · 0611661, 61111 1111116611. vid. 14
0611116111,1111161161,11066161 99,4 .
cornicines ct 1111161611· 16 1111161111 1111· 06116611, oppidum 1111616661, 11 616-
·111116111611116, 1, 46. - 166166616116,4.
0111111111....61111111111116111161 0111111111.11116111,1111611 6111116111,
·1“611111,1,69.4,6. 116161111661111616116111 0111661,-
“corniculis 166111 1661111 10, 44 616111, concedit 11111, 7, 96.
Corniculum, 6661111611, 1 Tarquinio 06116111116611111116 adn 6616111116-
11116661616111,, 1 66. 11661611691611111661,
(1.06111111161,1611. 166. - 0111111, cd 0611111111, 1111 Μ. 1111111161.
061661 orbo, 6111111116 61661, 1 ’11 Μ116.οο16661,61111 01111111, 66, 90.
iic 6611161161, 96, 40. 01166111,661161 nuic, 66, 46. 117, 6.
Corolamus, 11161119616116,11611116-,611661116111661161111616191111. ,
6111161,66,66. 1 ¹ Corylenus. 66611661, 67,91. , ,
Corona 1111161611 in 0161161661 1611- 061. 1116616111116 auguro 1161111111
111, 9, 99. 9, 17. vid. 114,90. 71116. 1116161116. , , v

 

