1118Το111418οΜ LIBROS. ' 408

mn samnitibus, 88. 444144 4444411144 1414111141 'ss- 8411441144 814441444-
dm 44114 41144144 4141, 41144144 44- 46.
gente 4441414, 40. 4144411114, 11141 4141 84411 4414144, 1444441111, 41, 46.
44 41,· et 44. dedunt 44 1144444114, 1114. 84411114114114, 41, 1. 44, 81. 84411114
sub jugum 1141141411. victi 14- 4104414414114414114. 11. 1· 44·-
4444144414, 4³. em. 11, mn. m. 14114 4 414414 Punica, 47, 8. 11 844.
1111141 441111141,1111. 11114 maguum 1141111111 4444 nun·
44141444, ιο, 44. ii· 1144414141· 414444. 41. ¹⁰· 1444144141. ¹
1141, 14. 1114441114, im 1444114444 8141111414414141111441114111411414 ’
ιι... cum 44141414, 411144414. Mutat· 1441· 4 Tb 1144414 posin,
114 411481411411 141141, 18. vin· 41. 1111·
cuntur, 19. populatur Campani. Stre, 111114 11441111411111,88,41.
ugrum, 40. 44111114, duxque corun 8441414, huto 14414144 Macedonum,
441114 41 eon-ulem 1141441141 4411· 9. 111· 17. 44· 84. 7. 444411·
tur, 1114 motmunt m. mn mm. 8411111441, 14111144 1144414144, 86, 14.
414, 11141411.1141114, 4144444 011114 84411411444114 boum 44441114 14411-
invadunt 1144444444, 47. 8414441444 141114,4144441111114,44,1114117.
141414 11141114444441 longiore 444· 84414141, 1441411441141,81, 88.
4414114 44411111 eorum 411141, 44. 84414,114114,98,41.
4114144114, 49. Samnitium 411441 4 8444114, urba, 44114 4114414114, 7, 19.
14114414 ceditur, 90. 1411144 tq»- &conmmanit Tarquinius 81144114, .
runt, 81. vincuntur ptoelio, in quo 1, ⁴9. 8414111144Ρο144111, 11. 41 11.
4444 Samnitium 44414411 1411114 144· 8414111144 44144144 sibi 4144141141 Hio-
44111, 44114 duo 44411Ιί4 septingenti, rouynufl, 41411 1411111 11144011 19414111,
iud. 8441111141 belli diuturnitas 41 44. 1·
4414441144, cuca* aggrediuntur 444144 84114114, 14144, 7, 81· 8, 41. 411, 81. 84-
1144441484. 41141111114,88. 4114141 114114 oppugnatur 4 Romanis, 8, 41.
444114411114 4411111 11141411, 94. 4411114, 44. ·
oppumnt 1444441444, 85. vincuntur, 8411411411 411011141ιί4 1411411, 87, 10.
86. 4411441 4141111441 14444111 44111, 841144141444441.111. 14·
omne· nudi 411 141141 mittuntur, 3414141114, oppidum, 4, 89· 1, 141, 11.
11141 Samnitium ingen· 4114411444 4 1144414 Coriolano 1144144414 111141-
144111, 89. 4114111144 41111414. 141· tur. 4, 89. 4144111414 8414141 44 in.
4114, 41. 4144. eorum 4441444 44111, 48. 4111111 141441. 11. 1· 44111111 4 114144-
1464141141 1141144, 44, 81. 114, ihu. 4 Ρ44414411114 41 141441444.
8414111111 1411114141 td 4111144- 14111144144414411841114111,88· 84- .
1414 ontio, 48, 44. 1414141 coloniam deducunt 1144111144,
8411441144 0411111. 48, 41. 7, 17. 4411144 4 1141441414, 11411. diri·
8441441144 Penni, 9, 81· 11144411144111114,1111.1’414414411
Samnitium 14111411411411444 4114411411, exercitu· 4414411141 Satricum, 8, 1.
9, 40. 4 Papirio, 4111114, 4111114144, et
8441441111, 7, 84. 4411114, 8, 14.
844144, sive 841114,114114 41 1414187. 8114144441, 44, 1114114111141844111144,
10. 9,11.
8444114444, 441 8114114414, 44, 48. 41 sutura Romanorum, 7, 4.
¹ 8141414146. 8411414114 1444111114, 4, 41. 11414 44
8414114441141141144411111, 41, 1. 14414414111441444, 1.
841411 84114,4141.84414. 84114111141411441, 1· 8ο, 86.
sonci 4144 14 44411 14414, 84, 1. 84114114. 4414114 civium 1111414411,
8444144114, 114114, 80, 18. 11 41411404141441141 1411414, 88, 18.
8444114114 4411, 41, 17. 84114114,11441 qui 114114, 411114 4 044·
8411111411114411144411104141444114. 11441414411114.411.114114.
111. Prodigium. 84114114144, 4, 41. 44, 1. 41, 46. 41
84111114 141114 Umbria 1444, 81, 4. aden 84114411114141114, 41 14411-
411. 44 88, 87. · 114411111114441141,44,1.
844144,88, 19. 87, 14. 841141114114414141411411411144114441,
84411 4141144111411 1414114141 41 1²oe- 11141144411144 invehitur 11 numen
144 14111111, 48, 84. 4411114444 114- 11441, 44,14.
144114, 40· perdonatur. 41. 1414144 844441111111 Alpinum, 48, 44.
11114414 mittunt, 41, 10. 8444111144, 14411111 14141144 mm
8441441141144141111,4111414444411, 14141414, 4, 48. ,
11 1111141414 4411111114, 41, 41. 14 114 8444 rumim, 44, 11.

111

 

