1114141144414114444 rra

4444444444441141111414111,41·44.14444141441444441114444444444,
4441414414, &chramm- 44.

0. 044144 44144444 4144444444444,4,44 0444141441144144,44,44.

0. 044144, 4144144444 4441141,1444414 -1144414444414041114144414,41,44.
444441444ιί4 44444 qm 11414444,- 414144444 44 44441144 1444441414,44,
41, 4. 444444444444114114, 444 404441.

1114 ι- 44444444,11444144444 144411, 44,

0. 044144, 44144444 414414,44, 1. ·41. .

4 044144, 41144444 414414, 44, 44. ·- Atheniensium 1444441444, 41, 4ο.

11. 044144 8411444444, 4444 4411144144 in 44441114 Ρ444441144, 44, 44.
414414, 14 814111444 41444444 11141444 ·-· 11441111414441114 41441144, 44, 44.
navium ducere jubetur, 44, 44. 4444- - Q. 04441111 Metelli 44 44444144, 40,
444 4144441, 44. 444414448414141444, 46.

44, 4. -· 04414444 1444144444, 7, en

11.044144,14 44444414444411144141, 4441 - 04111414414141441444414Ρ4144444,
844.114411144444414 mn 444444, 41, 44.

4, 41. - 0444444144 1444441414, 7, 40.

84. 044144 04441444 4444411411 4444444, ι- 04441411, 4,4.

4, 44. 4444441114 41114 44 4411414414· -041411441414441441 1444141441 dn
14444441444 Ap. 0144414 4414144444 prce, 40, 44. nt 44. querentium 44 ,
41444144444444 414144, 41. 44 4114441444 1144141444, 44, 44. .
4411444 14144, 44 141444 irrumpit, 44. -· Δ4.0144411441,4, 46.

· 44444444 44444, 60. 444444444, 44. «- 14. 0144411, 4,44. 4,4. 1444144-

444414 14 enm produntur, 11141. 044144, 444, 6, 40.

144144414444444, 4141 444444 141414, ι- 0 0144444, 444144 114444, 4, 40
11141. ·- 11. 01441111 444444111144444444114

04414444, 4414 41414 1144444, 44. 4ο. 444444411444 8144114, 46, 41. 4144444
0444, 4144 44441414, 4441441 44 1111141444 44 4411144414 4444114, 47, 14.
44 14141444, 7 044444 4444141444, ..- 444441444· 44 44144444 414414, 4,4.
· 44. - Δ. 04444111 044414144444114 44141·
0444414144 4444411441, cyna· 44441414, 11444,6, 14. 44 11. 1444114441, 14. ’
44, 6. -· 1.. 04444111 Lentuli 14 4444111441·
014414 14144 4444144, 44, 14. 44, 44. 111411 44 04441441, 4, 4.
0144414144 44411144 44 Hieron 044444, ·- Ρ. 04144111841414414 4444111444,41,
44, 44. 4ο.
- Delphicum, 1, 16. 4, rm, 10. 41 ··· Ρ. Cornelii Scipionis, 4441 Asn'm
41 41, 47. dictur ert, 41 milita, 14, 44. 41 44.
- 044444114414, mn. 44 1111441444, Celtiberorum 411441-
044414 Acilii 0144114414, 44444114, 44 4444, 40. 44 44111144, 44, 47. 44 44. 111
44111444,44,47.444414 1444441444114 114414, 44. 44
·- AEmilii Mamerci, 4, 44. 1144ίηί44414, 40, 14. 44 Annium,

“ -41441111 Ρ44111, 14441444 morituri, 41. 441444444 Antiochi 4,7,40.44.44

44, 44. 44 populum 141, 44, 41.
. - 41441111 114411444444144. 44 44. 44. - Ρ Cornelii 841414414 1144144, 44,

44 44. 441 Persen, 4444 4414444, 44, 4. 44.

4114, qm 1144144 4444 jubet 1444444- -Ρ, Decii, tribuni miiitum, 44 nili·

444, 44. 4444141144 nunqua fortuna, 444 ,7, 44.

44 -Ρ. 04411444 lest, 44 44444144ἰί4
- 1114144414 4441414 1141114444,41,44. cunr 41444 4444444144ηά14,10, 7.(14
-· Alexandri 1144144414, 44, 14. 4144144114, 44.

.- Alandri 1114411 44 Ρ411144444,44, ·- 0. Decimii 44 11444144,44,11.

44. - 1144444111, 41), 14.

-· Alnrnind 8444441444,41,14..-1141444114 44 4144111444 1144111444,
ι·- Δ44144444144484444444444,44,44 47, 1444444414441, 44. 444414 Ρ41-
- Annibalis 4441111144, 41, 41. 44 44 44444, 44. 11. 41 14.

44, 44. 44 8414144444,40,40. 44 re· - Μ. 14441, 4, 414.

444441 0411444141444444, 44. 44 14- - 1114411 44444414, 4144414414, 44,

4441444,44, 14. 44, 7. 4414444441 414.

44444444444444, 49, 41. -·· 014411441444411444444144,
·- Annii 11441141, 41444114 4441441441, ³. 4

4,4. 14 444444 nomano, ¹5. ’ - Q· Fnbiimngintri 44414444, 4, 41.

·-· 1411444114 444411141414141414,44, - Q. 14411 Maximi 04444444114441

441

 

