416 · INDEX IN Τ. len

8111118111Ιὶ 11 8111111,1111111’111,11 14111111,48,19.1111111111111111111
1111, 8, 18. 1111111111111111111111111111.
-8111181181111111,1,18. 81111111811111111111111111118111
-111111118111111111 81111111,1,11. 114. ¹
-81111111, mmmmm 11111111, 8111111111, 1111 (intima. 11111111
11111111, 18, 18. 11111111, 811.
- 1111111,11111111,111 foro 1111 tem· 81111111111111 1111, 88, 18.
11111 01111111, 8, 48. Stratonida ’111111 perfugit 11111111,
- 11111111111111 1111111111, 81, 18. 88,18.
1144. ’ 81111111,111111111111,88,11.88,4.48,18.
- Ptolemni, 18, io. Strymo, 1111111, 44, 44. 11 48.48. 19.
811111 111111 11111111 11 111111 111111 81111111111111111111111111111111111,
Glabrioni 111111, 411, 84. 11111111 1111111111111 11 1111111811ι
111111111111111111111111111111 1811111 11111, 11 vox 11111111111 11111111
11111111,1111111111111111111,4,17. 111111,88,11.
8111111111 11 monumento 8111111111, 8111111 virorum 111111 111111111,1111
88, 88. feminarum, 89, 18.
stallae· 111111, 8, 44. 18, 81. vid. 11 Stupri 11111111 1111111111 1111111111
11, 18. ι 1111111. vid. 81111111.
81111111111111111 1111, 8, 8. 811111111111111, 88, 14.
81111811111,11111111.111111,88,8. 81111111Ιὶ1, 48, 8ο.
81111111 11111111 Celer, 1111111 Annibali· 8111111, 1111111, 1111111111811111411111,
Cn 111, 18, 8. 44. 18.
(1.811111111111111111 1111111,1111111111 8111111111111111111111, 8, 18. ·
sardiniam, 88, 88. ¹ 81111111111 1111111111 vineit 11111111
1. 8111111111, proconsul, 11 1111111111 1111111111,8.8.
1111111111,81,8ο.11111111111111111111 81111, oppidum, 18, 14.
1111111 pondo 1111111111 amium 1111, tudertinum 111111, 18,18.
, 111111111111111111111111111111,88, 811111111111111,11111111111111111111
17. 1111111188. 11111111111111111111111111111111
1..81111111111,11111111,1111 1111111111 84,18.
mittitur 11 Misagenem, 8111111111 8111111111111,1111111111111111111“·
8111114814. vi 111111111111111111 8111119111·
8111111, oppidum, 88,.14. , 1111. 1111111111.
8111111111111 1111111111111111111111- 8111118111111. 8. 18. eo 1111111111· 1
mum acceperit, 4, 89. “ 111111,8,18.1111111111111111111111111 3
- 11111111 111111. 8. 7. 1111111111,17,9.11111111111111· 1
Stipendium 11111111,11111111 111111111 1111111111, 88, 18. ¹
1111111111 κ1111111111111111111111 8111111111, 1111111111 1111111, 11, ³⁴·
1811111111111, mercedem 1111111111, 111111111111111111111,84,1ο.11111111
8, 4. 111111 11 expugnando 1111188111α
Stipendium 1111111111 0181111111111- 111111,’1“8111.1181ι11111111118.1“1111’
111,11, 1. 1111 11111111 corbium 11111111 ’
stobi 11111111, 88, 18. 4818. 811111 88, 41.
111111111111111111111111,1ο, 11. 811111111111 1111111111111111 1111·
11111 111111811111,11111111111111111- 11111111,18,14. i
11111111111811111111,88.81. 8111111111, 8111. 104. t
8111111, 111. 8111 81. 81111111, urbi, 7, 87. 18, 14. imm·
81111111 111111 pretioue 11111 quinio 14, 48. 18, 7. 11 81. 18, 8. 1119·
’ primm 111111 11111111, 8818. 8111111111111111111111111111181
81111111111111111111,11,11.111111 14. ι
17. , 8181111,111111111111111’11111111118111“”
-1111111111,18.84. · 111, 18, 87. 88, 7. 84, 81.
-81111111111111111111,18,8. suffugi· quomodo 1111111 1111, 1, ⁴³·
..Polyxenidae³ 11, 11. “ 11111111,11.1111.11, 1118111
-11111111101111111,111111111,84, 18. 8. 4ο, 81.
1111. 818111111111111111111111111111111
..mamutii 11111111,1,14. 1111 1111111, 88, 88. ‚
-0.81111111.1)111111111,7,14. 8111111111 11111 111 11111111 adim! ⁰⁰⁰
-8111111,41,14. 11111111111111111,41,11.
81111111,111111111,111111111111,11111 111 8111111111 11 foro 111111111111111181111
1111111 111111111111111111111 mittitur 1111111 nivium Antiatum, 8, 14·

 

i
· i

