HISTORIARUM 01111108.

1.. Sinnius, 111 1001111001, 111001 00· 811110111111,10,11.10,1.
0101110100 interiectus, 0, 08. Sidonii, popuii, 88, 48.
8101111, 1,1. 10 8101111111 11011 010111, 8100110111Ιὶ00, 91, 85.
ibid. iu 8101111 frumentum utum 8110001, 44, 98.
propter 0111111001 11100010, 9. 84. 10 81101100 11100100,οΜ 0111010111.
81011110 0101011010 1101000 primum Siguiu, 0010011, 1, 06. 9, 91. 8, u. 89, 9.
1111001001 011101110ὴο1111, 1, 99. 1 Signini Rnnuuniu 001, 97, 10.
11110011 Sicilia 10111110 1011101101 Signifer 00101 11 0011001111000000111-
01110101111001 (1110001001, qun 01111 1110 nequit. 99, 8.
1111010001 infestum 11100011, 7, 95. Signiferum 01100 1111111001 100001 10
0196. , honen rupit 0101111111, 8, 8.
81011110010111011910011,96,4081011111 Signum 00111001 10 00111001 101001, 6,
101 componit 8011110, 90. 1. 81011110 01· 8. 81, 46. viii 1111111001. .
11011111 011 100101 10111101, nid. 80111, ·-· iucundi 11111111, 10001100 11101·
Fugitivi. 10101 Q· 01111010 001101 10111010,
Siculorum 101 uni. 011100110001011011110, 96, 5.
95,40.00100111001010 00 101101110, 811011 0111111111 nx 1111110 0011101011, 1,
96, 98. 00100 011110 10 100110, 80. 99. 7, 98.
111 1011100001 Μ11001101, 81. 00 0110 811010111110 11101110, 9, 44. 10, 14. ei
senatusconsultum, 89. sinnii 101111 iiiiii senine. 1010 8101101 1101181101
10 Μ1100111 10001 10 projiciunt, 00. 111110111011, 8, 11.
Siculum 1101001, 1, 9. Signum 1101010 011001, 6, 8.
810111011000111101001101, 98, 87. - propositum, 89, 48.
810110101, monn, 45, 19. Signum receptui 011010, 6, 8.
O· 81010101, 10010111001110011101101001 Signum 1000000 uigilia, 7, 05.
montem, 9, 89. 1010110001 11100001 811010110100111001000100100110111,
Ι 111011,88.110.018,54. = 97, 47. ’

0. 81010101, 11100001 1110011, 2, 58. 01010 Signum 011001, 10 111, 101101 1011101110·
1110111111.8110010,61. , 111 1101 tutum 0101011001 110111101, u,

c. Sicinius, tribunus 1110011 1101110001· 31191, 14.
sionem in Ανο01100111,8, 54. 81100010111101101110111, 1110110110 00-

C. 81010101, 1011101 1 100110 0111101, 1001010, Τ.00101101 01011101 10 cu·
10. 1. 1001000101,1,11.

cn. 81010101 1101111, 110111 1110101101, 80, - ,1000011 0 1111110011 0001011001 10
89. 1111000 sequente ututur, 11 101· Aventino, 91, 69.

111018110101101, 45. - 0111111191, 1.

Cu· 81010101, 11100111001001111100110 Sigus 0001 Deorum 11011 ux 1111010
000000οἀ0, 41, 17. 0010110010,97, 6.

6081010101, ututur, 19, 8. 10 01101110 - 111110 cererin 0110, 86.
mittitur 10 colligendus 10001111, 10. -000001110110110000010000011110-
obtinet Macedonium 1101100110,1110· 11011 101111, 07.

· 1011101010001010110110,97·1111001- ·-· 0001 quinque 01 01010111ὶοί0 11-
101 111000110110101 urbe, 1010 genio in 1111110 1101111, 81, 50.

L. 81010101, tribunus 1110011, 6, 6. - irin 601011, Libero, 1100101100 pu·

Τ. Sicinius, 000101, 9, 40. 1111, 80, 95.

Τ. 81110101,11101101111001100011111000 - 1000110 6111101100110011,01 10 01100 '
Veios, 5. 94. 11111110οο001 columnis 010111, 40, 9.

810100, 01111, 97, 81. 05, 95. Sicyone 81101 tabulasque, 1101001 1000010101
Romanorum 1110100100 populorum 81110010,0111001101 11010101 00101111,
1011111 011001 0011001001 0000111001, 1111111 1000 primum initium 10111001
99, 18. Graecarum 1111010 011010 funum, 95,

Sicyonius 1101, 00, 15. 40. uid. 1196,80.1101.01 84, 0.

8101, oppidum, 85, 10. 87, 98. sign· 1100111100 Τ110011011 relinquit

810110, 1101101105, 48. Fabius, 97, 16.

Sidicini, 1 811011111οι11 01110 1100111ῑί, 81101,110011011111110 11111, 0101010011·
100101 1101 1111101 0110111001, 7, 90. ,0 10001011001111111011010111010110111,
10110110 1110001 impugnati, deditiu- 89, 16. .

0010 funere volunt 10 1100100111 8110101οι, 01101 1010111 1110011111, 601·

quibus 1011001111, 000001 10 Latinis, 111001 Regin, 5, 04. 10 1101010101111·
8, 1. 019. 810101οο1 10101 01 110100- 10110110011101,.101’0. -

001 bullum, 15. 1100001111 81010101 1 811101, 0111110010, 06, 18.

11001011, 16. 01 17. Μ. 8111001, 0100011101.

 

