11 . 1111111111111

1111 141111 11111 11111111. 111111 111· 11111111 1111111161 1161911118.
11611111111111146.911Ι 1111111111 perpetuus, 11111111 111111

isthmi faucibu- 1111111111111111111111191- Pompeii 1111111111, iba. du· corpu·
1111111111,89,81111111111101111111111111111116.

1111111111 1111111111 19719111 ducit 1.11...1ο.11111111.1111111111· ,
Μ. 6111111111 1111111111,11111111,111·17. 1111111111,11111.184.111111111111-
1111111111, trium oppidorum 11111111, tur, Eplt. 167.

, 1111111111,ρω1111,41,15.61111111111111111,9,41.111111111,

11111, gens 1111, 10,9.11111111111111.90 8,88.Ρ.811111111111111111·11’ἀ 1111·
11111111111111111,1111111111111111111.1111 1 11111111 ad 1111111111, 11111111-
1111111111,11,11.111111.1111- 111111111111111,8150.
11111111 Aquileiam 1111111,40,96.11-611111111111,.1111111,8,6611611111-

, 1111111111 1111111 in 1111111 nomia, 1111111111111011111111, 111111111111111111-
41,6.11111111111111111111111111,1.11 1111111111111111111,1·11’11.1111111111111-
8 111 civitates panim 1111111111, 9 111, 4, 91. 11111111 111111, 98.
111111111111111114.11111111111111111 011111111111,11111111 1111111111 1111-
1111111, 16111111 triumphat 6. 11111111114, 66. 11111111, 61.
Claudius Pulcher, 17. 1111111111 1111111 decedit, 5, 81.-
11111111110.011111,111111111,48, 7. C. 111111, 11111111, 7, 91. ·

11111111 11111, 94, 10. 6. Julius Mento, 111111, 4, 96. 11111111-

11111181111111111111 111111, 1111111 111- (1111111 11 11111111, certamenque 11-
11, 1111511116, 88. ⁵ 111111 1111111111, tw, 11111111 11111
·- 1111111111111,11,11...11111111111111111199

111111 1111111111, 86, 90, 1111 templum, 6111111 1111111111ήά111111 6111111,
im 1111117

71111111 1111111111, 6111. 118Ὶ 118.1..111111, 1111111111 militum 1111111111
114, potestate, 4, 161113111111111111111,

· Decius 71111111111111. 19. 9611111111 consul, 80.

7111111111Τ11111,1111111111111ῃὶ1,11 11111111, tribunus 111111111 1111111111
1111111111 11111 0111111111, 8. ot 46. potestate, 6, 80.

1111 1116111611 1111111 pegus, 47. L 111111, 111111111111,111111111 Gt}-
1111 11111, 111111 611111, 96, 1-5. 111111, 89,46. .
11111611111111111111111 1111111,1111 1111. 1.. 6111111111, 46, 44.

brutissima 11111111111111, 8, 66. 1.. 111111 11111,111111111111 militum 111·
1111111111 1111611111111111111111111111-11111111111111,51.

11111131 Annibalis 1011111111, 88, 46. 1.. 11111111 11111, 1111111111 1111111111 1111-
31161111 1111111111 111111 111111111111- 1111111 1111111111, 5, 101111111, 18.
1111111811111111, 1,49.111111111111’1“1111111111111”11”11.
1161111 11111ς1111,11111111,1,98. 611111- 1.. Julius 11111,11111111111 militum 1111-
111111, 9,.86 Μ11111161μ111111116,90.1111111111111116,4.

61.1’11111,96,9.1188111111111 11711111 811111111111 61ὴί1111119- 1

1111, 88, 60-68. 11111111, 111111111111 11 equus 111111-
916111111111111111111 rescindi 1111 11111111, 88, 16.
11111114, 7. ,1 Prot. Julius 1111111111.11111 11111111 1111
11311111 11111 Rome„ 94, 41. 97,87. 111111111111111111111111 111111111-
11, 11. tum, 1, 11,
Jugen agri ne quis plus quingenta pos· 8111. Julius 1111111, tribunus 1111111111
1111111, 1111111, 6, 86. , 11111116111111111,4,11.
71ςί descriptio, 8, 98. subjugum 11111- 8111611111 6111111111 11111111, 97,
1111 exercitu· 1101111111, 9, 5. mox 9111111111181111111119911361199.
samnitium 111111111111.1111111111111,16 Sex. 111111 611111111111111 1111111111,
, 1111. 11 10,86 40, 971111111, 48,
111111111111. 11111111111111 611· 11111, 1111111 11 61111111 6111111111.
1111116111111111,117111.64.Ν1111111111 11613111111.
111111111111111111 1111111 1111111, 7111111111311111111111,111 11111 lepti
11111167.111111111111111111111111111111111,1111-
711116111111711111111111111111111, 1111111411.
11111106. x ’.111111111ο11111,9, 6. ex 11 consulatu»
sulii 11 principibu· 111111111111111111 1111111116.
11111,1,80. 6111111 1111111111 1111111 mutum
6. Julius 611111 11111111,11111 111. 90. 1111111111 1111111, 98611111φέ
1111111111111111111111, 111111. 716. 11111111, 99. 11111111 1111111, 80. 1111·

 

