HISTORIARUM LIBROS. . 909

414414441141. mintius.. ¹ 011144,144111,49,119. , ,
014414 144 44 44414 41 4144411044, 94, 011144 441449, 444· 0414114. .
4. 011444441444149, 17.
0144144, 41119444 4414414444 1444441414· 11111114 114444414414 1144141144 414411-
14144444141,7,91441149441 114114, 1,49. 44414144 14449414 844111
1. 0144144 4111444144, 4491411144 111141- 1411944.
14414, ,91, 99. 914141, .96, ·.99 41 44 0111149441119411411411111149441104114114-
..11441114 411114.. 4.......1 ...1. 9444194114... 44 11114, 44114.
·.1,44 Ι4441, 99. 14 44411111 9141494141 1111- 44·41941. 9, 46.
9411441,97,7.14141114,99.· · 0111444141, regulus 6411111441, 44411 14
9401441114 4114444191111144449141114, 9144114, 94, 49
94 8419144441 1111111141, 99, (11114414 41149. 941144 discedit, 9, 46
14. 01441114,911114414141>1414,44 Ligurum civitais 011414 14414141 4444441144 44
4441414444. 44 44441441 44111111, 94, 4444411141 114441111411494114, 9,99.
..66 01111, 41114, 44441144 414144, 9981141
01411111, 9911. 69. 69. 94... . ·: ’,
ambacum 11411444, 0914 67 69. 0141114114 9114110, 9, 19 otae. 96,91.
01441114 (19111441, 6, 46 9, 9. 4141. 90, 94
6149114, 49914441 0446411441, 4491141 01441141 141114 949441, iudei 4144141,1,
4119144414, ests. · 97.
014144, 4111. 0444411114, 4414411141. 0141494119· 14 Bruttiis, 44911111 4 110144-
01144, 044, 4 qua 4111141144 01441144 1499999110, 19. ,-
9149411141Τω411141111,1,49.1 0141194114,9,14. .
01144111, 66. 9, 99. 44141144 1144141144 0144414441111444444114144414444144411,
11144 mpelht 1144141111 0411014444, 41 1, 96 9, 7. 4199. ,
urbem 11914414 1111411, 1444 vic 4197,014441411411144144ι,96, 96.
9.99,16.4401144111,9114494411114111 -· 1111911,99, 16. ·
¹ 41111449441144444449414494444144- - 6144411141,441141141114144994144,
. 4444141414,ὢά . 10, 9.
01144144444 moliuntur 4414464444, 6, - Νι111414,96,96. .
19. 41 91. “ - 1144141491, 99. vastat 8414141441
01144414 1441414111, 44, 9. ¹ . 97, 6. 1144111414 Romana, 99. 41
0144444194 1114111441 41444441 11149414· 99, 4., ’
4411111444, 19. . . . -- 1114414144.99. 16. ,
0144449014414994. ι · -· 6414444144, 9, 90. 4199. 4141914
- Flaminius, 9, 64. 97, 91. 'm 44414 41494441494414149111414, 914941 411411-

944914111, 99, 11. · 114, 41414114 44114414 4141,“ 14 4911441 ‚

-· 11411144444941114141441,9.41. 4441141141,99,46.91411114411111,4444

.- 1444114114, 4 Τ41941414111944 414111- Scipione, 14 44111441, 99, 96. 4196.

- 44144,1,96.4414414;44144111414111· elassibus 9119441441 4411444144, 4,94.
4144649444,14.14 44444144441414 0144414111 4 Servio Tullio 1441111114 414-
44 1444411111, 414444141 1419411111 41944 1144114, 1, 19. 4, 4.

441494, 49, 97. 41944 14 44, 4414 co· 0144114111111, vicus, proditur 941411, 91,
14111411, quibu· 4494444144, evenit 491414114114441 9411114, ibid. 44 44-
41144 1414941141, 4ο, 9. dit 1111414411, 91, 99. 144444114491.

14 0114444144141944444911144414141411, 0144414041414, 41411444, ab 4114414411.

¹ 8, 90. 414, 41,99. 14 eo 14111 941 qut· 1114 1414441 Matrem 4441911, 99, 14.

’ 41144414 4441190, 97. 0114414444414, 4144 9114141114, 14111. .

, 144149411144144 44114 9411441 colli· 01411414 9444 omnis, 4111, 41 quando 441·
4441 941411, 90, 99. 4141114, 6, 9041414114111 14111114 914-

0111114, 49, 16. 9119441114,.41. 14111ιί44 914111, 9, 94.

eina, 99, 99. 44941 regni 8991111414, 90, 01944191111144 414 Ap. 0144414 4994114111,
19. 4444411 Μ441414441, 11144414 Μ4- 9,16.

414144444441 641914, 44 4144144,Ε911. 0141141444 441114, 99, 91. 99. 4149. 96,
64. 99.

0141491144 4441411 97, 46. 99,7. 01444144 hutonem 19 9. 6,.99, 10.

0114414944ιηί 444191, 91. 96. 4444144 Aciliano· 411 011414 14 latin

01114, 44941 regni 6991111411, 1144141114 num vertit, 96, 99. 96, 14.
4441141,90,19. 01444144 Annuus 91191141 4441 14141116

0144191114 041114, vid. 0111114, et 114111. Τ441440414194114, 91946. 4147. ,

0111414414 4411114, 91, 96. Ap. Claudius, 411944 clientium 9441114-

0111441, 1114444441449914441,49, 61 14111444, ab 11491114 Romam 111144411-

v01.. IV. X

 

