m , 11011111011111

001100110110011100011100110141101 110· 0101100101. 0101111001 11011010 10-

11100010ιο 1000041, 9, 411 · 1011Λο100110,1”01“11. 1111000401, w.
01404101 1111011101, urii. 1110111101. 0101111011, oppidum 11101101,·49,46.
00111101 Μο1101, 19, 41. 0101111411101100014010440,40, 49.
011.00101101.01111110100110104011100·0100 101011000110001101101111, 44, 80

101,01101111018110101101,44,9410 49, 16 89, 96

octpgiotu 0110111111 1101101001 01101 0101 0011011111 11001 1111001110 dtu, 49 4

eupit, 49. 01 0101101101 1010111010,0114011001101010,0111.101001.

49. 19. 90, 4. infeliciter 01 9101111 0100101, 01001, 44, 44.

injicit iu 1111101111, 44. iegitur iu 0101110111,1110 9110001001, rebellantium
‘'nirieum mittitur, 91, 11. 01011111 ι901110010101110011,4.·1,6.00·011οι”10·
’ 4110111111 0010010 deducentia, 94, 49. 11111, iiiii.

1000101 1001001001,99,49. 1 Quintio 01010011, 0101, 46, 44. 45, 44.

011101,0101101010 01 0110011 111101 Olympiorum 1011001110 1001010111, 47, 99.
(111 ⁰3&ss igitur in 01001001 011111·01131111,11111ῗ10111111110011’111001,9,44.

101, 49, 19. 0101010101101,10111101 01001οἱ11, 0101, 01110 000000000011110,

01111001, 44, 17· 1100010111 11010100, 99, 4.

140111001111081010111110101 1000111- 01010010110011110011111 10 Penus, 44,

101, 49,9. 010001 0110 Phiiippo 10 49.

111011 11011101, 6. 01001111 1110011001·01011101010’,1ο111 4110οΙ010 propr Syn·

0101101010 1011 88. elur 1110100001 011101, 4499.

0111111 110 Perseo, 44. 0101110101 iupiter, 44, 41.
91100411101001. occiditur, 11011. 00. 0101001 0100111 10 ’1110111111 1111100144, 9.
0010011001100001101011111101101101, 01010001, mour 10 0010111, 99, 1910

9, 9. ’ 0010 tugiunt Tuiistobuii, 19. ex 00 00-
0040100111101, 1110 0010100001, 1011 110· 0011001010 1100111111, 40. 0141.

10011,91,49. 44, 9. ’ 0110001101, 001011 10 4110111111, 99 6.
000000410010111, 49, 4. 0110111101 1110000, Pythonis 91101, 110·
0111010, 000011Τ11100110,99, 99. 101111 profugit, 44, 16. riui 0101010,
001111100000110101, 44, 44. ibid.

01010110, oppidum, 46, 44. 01011011 0000111101, 0111111100 ortu 0101001111 0 ’

attribuuntur 1401100010οι, 99, 11. 91111000,·10110010111010111100,10410-
010010111, vid. 01010111. 01111111 10 010110 Thracibus, 11001011,
(11001,1101101,94, 44. 99, 94. 0010 Phiiippo juricio 00 Du·
(41111001, 111101 0110 10011111111011101010 0101110, 40,9.

111111 10000011, 49, 49. 00010111 publicorum 1000 1100101101 ju
0111,οο01,99,19.(111011000101,41,.47 00104100114110001100110100110111410,
Ofilius 00111100 0101010010111 1111111, 1, 96.

’ cirrus genero 1110111000, 9, 16. ejus 0019011111 0011001 exciti, 9, 40.
''judicium 00 11100110 1401110οο11110 0011 00111001 carthaginis 110111 010401 00011-
91001110011011010101010, 1110. 101 1010 popuii 11010001, edicit 901010,

eructuationem, 9, 49. 46, 47. vid. rt 91.

A. Ogu 10101, tribuitur 01111001 00 iegi- 001010 100110 qut 0101011111 4, 40. oid. ¹

000 gurotunda, 011111 111 0110110 curu 04 900111.
’1111111,99, 96. 0010111, virgo 1101111111,110011 0001011111,
0000010101, 11100001 010011, legem 100 1011101, 011 0011101 00111010,
'fert (10 1000100111100111 01000 00111100· 1101411, 44, 97
’ 1110101111,19,9.00111100111111,0001-1100110101110110,0001101,000111111110
0111111100041001114011001, 01100010- 8101001001,10,94
¹ 4100110000011111110001 01000111 10 0011000110 010110110, 99, 44.
11010100011001000010110011,49. 00110101010001011110.
11. 01010101, 111 1100001010 10 11110111 1.. 0011010101,00’1111110104100010011100-
0000101000 1011101, 47,9 0010011001, 99, 17

11. Ogulnius 011101, 010101, 99, 99. 0001011100 11014111011011101411001041, '

101114011011011111100011111000110, 49, i. 004 001001, 4, 44.
00001111000001111010911,111110-00010(110101,)1101411.410111111,40010
geui 0001011104ἱί1 01101 01100 0010010- 110011001, quotidianarium pru 101040

-01010011, 19, 6. 10111111 01110111 01010141 011104001000011 14010101, 46, 89· ei-
ioeuerutorer, 49. ’ driu bonu 01 11001411 0101000101, 94.
0111100111 agur 11111101 1011111900101, 0001111011 1100111411 0111001100, 94, 1.
47, 6. ·· ” ’ 01000011110110111011, 0001111109.

 

