110 INDEX IN Τ. L1v11

1110111111,1,11,1.11. mummium-m·
’ - 111111 1111111111,1,14. 11111 1111111111, 1, 11.
-11111111111111 quum 11111111111- -111111111111111411111111111-
11111 1111111111, 111 11 1111111, 11111 11111 petitioni· 1111111 111111, 1, 41.
publico proposita, 1, 17. -111111111111111 1111111111, 7, 14.
- 11111111111111111,1,11. a· 11 quis, 1111111 111111 1111111111,
- 111111, ut 111 'fusculum 1111111. dom 111111 111114, 111 conpedibus
11111111, 1, 11. autin 11111 unum, 1, 11.
.. 11111111,1,11. lagu regina 1, 1.
- 11111111 1111111111, 1, 114. ··- 1111111111, 1, 17.
- 1111111, 11 11111111 1111111 11111- ·- 1111111111,1,11.
1111111. 1111. :.. 1111111111, 11111
- Licini· 811111, 11 1111 olim, 111 ιι- 11111111,11, 7.
1111111111, 11 1111111111 1111111, ι·- lam 11111111 majanum
1 11. 111,1, 14.
-’11ιί11111111 plebeii 111 1111111111· 1111111111111111111111111111, 1111.
111111, 4, 41. 111111111111,1, 14. 44, 1.1117.14,4.
..1111111111111111111111111,4,11. ...11111111111111 111 11111111, 4,
.. 01111, 11 111111 1111111111, 14, 1. 7. 1140.
obrogatur. 1. ω- 1111111111Μ1111
- 11111111, qut 1111111111 1111111 11111 - 11111111 111111111111111 (111111, 1111-
1141111111111, 1, 17. 111 latini, 1111 11111111 in 1111111
... 11111111111111, 1, 41. 11111 11111111 inventi, 1111111111,
... 11111111, 17. 14. 4ο, 14.

... 11 1111111111 111111 otarius 1111- ·- 1111111111111111,1,11.1,11.1,11,
1111,1,11.1, 11. . 1111. 11, 11. 41, 1111111 1111111.
.. roffio, 1111111111 11 1111111111· ι- 111111111 11 11111111111111 11 pn»

1111111111,1,11. tom 111111, 11, 1.
.. 1111111, pro tntu 11111111, 10, 1. 11111111111111111111, 4, 4.
... 1111111111111,4,1.1,11. 11, 4. 111111, Libatum 1111,1,11.41,11.
tempusa-uinum 1111, iud. 1111111 1111111111 signu 1111 11 11·
... 1111111. 11 Sauro 1111111 1111, 4, 14. anto 1111111111 11111111.
1111111111 lega, 1, 11. 4, 41. 7, 41. 11111111 populo 1111111111 1111111,1, 1.
1,11.11,11.11, 1. 1111111111 1111 in 11111111, 44, 11.
- 11111111 11111111,111111111111111111- 11111111111111111, 41, 7. 11 11 11111111
111 11111111, 1111111111 111111, qn 11111111 1111111111, 1111. 11111111,
plu 11111 trum· 1111111111 14,44.11“1.1141,11.
met, 1111111, 11, 11. 1111111111 11111111 1114111111, 11,11.
.. 1111111111,1.1111. 11, 11.
- 1111111111. 1, 111. .- 111 uvale- 11111111 1111111111, 41,
.... ’1111111111 11111111 1111 quin 1111111, 11. 44, 47.
1111111111 ordinum 111111 11114, 7,41. 1111111111 1111 in 11111111 11 Δρ.
... 111111111111111 1111111111- 11111111111111111111,1,41.
11111, 1111111111 utiquo 11111 ex 1111111111111111111111111111111111111111.
1111111111111,1,11. 11111,1,41.41,11.
.. Tribunis. 1111111111, judivibus, do· 1111111111,ῃί111,14, 1.
11111111 qni 1111111111,111 1111 aput 11111111111111111111111111111111, 411, 19.
1111111111 11111, 1, 11. 41, 11.
.. 1111111, de provocatione 11111111 1111111111. .
»angistrum 11 populum, nandoque Libui Gdli, 1, 11. 41,11.11,17.
111 bonis 1111111111,ῳί mgni 11- 11111111, 1111 fin, 11, 4.
1111111111 11111111 11111111, 4, 1. 111111111111, 41, 44. 41, 41.
.. 111111111111111111111111,7,11. Licinis 1111111 111111, 1111. 44. virgo
ι- de 1111111111 11111111, im. 11111111, 111111. 11.
-11111111, [1111111 1111111 verbisque 11111111 111111. Lex.
scripu, ut, qui prator 1111111111 111, Licinius 1111111111111 11111111 111111-
1111111 septembribus 11111111 paam, 111, 4, 7. 411. 11 41. 7, 11. 10,1.
7, 1. Δ. Heinius Nem, 1111111111 1111111, 41,
·- 11111111 1111111111111111 mulierum. 11. 11311111, 44, 11. 44, 11. prator,
41,14. 41, 41.
’ - 1111111111, 111 1111111 1111111111 C. Licinius, 111111111111, 4,11.
tributi· 11111111 1111111, 4, 11. 0.]11111111,1111111111 1111111 1111111111

 

