414 1414114111441141

8114441, ww 11114441, 46, 8441441144 deiectio, 8441414 14411414, nit
Q· 811144,4 rimu· quaternionum. 1141141.

61146444461,444 1144441υ1,441176. 64411 4414141, 61, 49. 11 1111111144 41-
811414, 41114, 66, 16. 41144, 46, 67.

81144,ήή 84144. Sui 1111141· 441 rotun 41141,44·41ω41-
8111411111, 4441 64144441. . - 411441

81111444ἰό1· symm 8411444114114, 67,4.

, 8144414444,69.164 soricinensem 6111144441444414

· 8141414414 iunonis 1144144 4114441444 4111444466,

4144441414, 66, 67. 8411444441441114444 cb 111414444141111-
814141441414141411441,44441144414441144 14141111,1,9.

4414111141 14144,441 Ficum 141141- -1144144114144, 161.

1141444 441114, 10, 66 8411, 61114144 4411166, 60 97, 96,

⁴ Simulum 14441441,66,1. 8411141144, 1414 11411144, 64, 14.

&cherum 114444114 14 6441141144 4441- solistimum tripudium, 10, 40.
14411,44414411141444,9,44. ’ 841444, 4414144144 Pydnae, 44, 46.

8144144144 pugno 1411441114 ct 4444114 8414411 14441 41444114 Romanorumn
editum 4 Scipione, 69, 66. 4411414, 6, 91.

814444414444,66,16. Solonius 4441, 6, 16. 14 cum 41444414

814444 urbi, 444144 sunau, 10, 61. utut 114144144114144, 11414.

814444, urb· Ρ441144,99,16. 8414141644, dux Gallorum, 46,64.

Sinopensium 414444, 40, 6. 8414111144, 44, 66.

814111, 46, 61. · 8414111141414411441,19.

, gutia, Qum, Solstitiale 1414444, 96, 49

8141144 Huncin, 46, 61. 46, 69. 8441141441 Τ. Atinii, 6, 96. 1144111114,
81444444. 41144, 6, 11. 4414414, 10,61. 61, 66.
66, 14. Sopater Syracusis praetcr crentur, 61, 61.
mcc 44144144 44441411 1444114, 66, eju· 414114 dc 6441444144 41 ’1114-
66. 66,6. , 1411411 44111466.
8144414444 nque, 66, 19. 8444141, dux Philippi 14414, recum qur·
811144 4411411444, 10, 6. 1444 11111114 1411114111’141111144144114111
ι- 1141411441,66,6. , 411,60, 664441 criptum 4 1141114114
- 414114414466, 14. 96, 4. ’ cibi 14411141 petunt legcti Philippi,
... 9444114614441, 14. 44.
- Corinthiacus, 66, 66. 64,7. 667. 8444141 41441444, 444144141 chalcidis,
' - Βοωο1114444,66,6 14141641141,91,66.
-·· 1141141444, 41, 46. Sopater, dux 661141, 4144114 interficitur
- (14111444,66, 19. 60, 19. 64. 6. 4114414414,46,66.
- 1141114441, 47, 64.91,46.66,67.8441141414144, 41441 8441144141111441414
4411444146, 4414411. ad 1141114114
- 14144114Ιί4466, 66. 444114, 1161441111 Μ44141444,1111

-611114411441,97,14.44444441, 41141 4 Masiniss· 11114444, ,

··- ’111444441141,6,64.44461141144144,16.

Sipontum, 44144 4441441414441141441141- 8414, 444 44414 cupitur 4 1141441111,” ..
44441,6,64. 66111141144114 Romanorum wioni,

’ 6144414141 4414414 civium Rcmnnnrunr 4464114484441141,9,69.4141141141
64114414, 64, 46 611, 66. 4114414414, 64. 4441144, ibid. 44411·

3167111113644337. ¹¹ ’ ncwrnsnnrnitibnc, 49. recipitur, 41. ’

8144441444 4114141,61,46. 8414141 44144144 quotuor 441111411οωί·
61441 ,44414441141144044414411411,46,4. nnn 411411, 14,1.
81141144444111444441,64,.9 ciri. 4141, 66. de 8414, quod 44111144 pecuniamque ¹¹⁰·
8444144, 44144,67,66.1144444111111414· 44444444411444141444441411441, 111. ·
14114,64,664114144441111141144141 16.
444114, 4144144144 66,46 8414441 ngcr 1ο, 14. ct 99
8414411141,67,16. 1444411 n 4411444 114- 844414411 rei eteorum 44414411 cnm
414144, 64.114114411144414,66, 69 ient, 6, 60 vid. rt 67 64.
8441111444441414,1111444444414141844611464111414,1,66.
citu 11441444, 444411144111644 14411444 844414411411441 444114,41, 66.
cummunicatur, 6, 46. 6,4. sortes Coerc 441444414,61,66.11,1·
844114 8444441444 411 helio Annibalis 41441144141444.
«4444141144, quin jurio ct 1114441414 ..- 414411146141,6,16.·
. 1444144141 irnperio, 66, 19. - Dodonaci 14414, 6,-64.

 

