100 1111111111 uum

1111111111, 010111, vni-uin 8111110- (001111 brui, 111 ,turin 110110-
marritionem, 0, 00 Ι11111 11111, justu 01011 curiga, 00,

Canusium 11111111 1100111001, 01111 0111101. · .
010111011011111, 11011111, 00, 00. wiri 11011111, 10111 Atha· 10111· ·
0100. tutum 1111101(01,11011111111,ιο4,00.

(11100111, 1101, 0. 10. 00, 1. 1110110111 0111001, (10.

(110011 00111, 1, 00. 7, 00. 10, 00. 00, (11011 11101, 01111 Vulturnus, 111110
00. 00, 40. 00, 10. 00, 00. 010. 1110111 4, 07. dolo 00010αο118111·
Portu. 11111011, 10111. 01 7, 00. Capua 10111111

010111101 1111110 veniunt Veientibus, 0111110111 11111101, 11111. 110 010111
0, 0. 0110111 1011 11111111, 10. 110- 01011111 militum oonsilio, 1111. 0111·

101111 0110110 1 1101111111, 10. 011·
lum 1011111111, 01 subiguntur, 04.
01011110111111111111011. 100.
capetus 8111111, Albo 101,,1 0.
Capillus 0101111111, 011. 111101.
(1101101111 1110011011 1101111111. 10οὲ
01011010 01111111 1011 Feretrio 1011-
011, 1,10.11111111111181011111,00·
ab Herdonio 8101101111 0111110111

01101111 0010011111, 0, 10. 11010111·

11111111 1101, 00. (11011 01010011
011111, 0, 00. Capua coniurationes
1111111111 1101111111 11110, 00. -01 00.
1011101111 (11011111 10 0100111, 00,
10. corrumpitur 1110 0111 0101011111,
11111. Ο10111100111110011,00, 10.
1101111101 10 11111100, 10111. 0011·
110111 1 0011011011 111111111, 10.
cingitur 10011011, 00. 01 01,1. 01 4.
nur (1100111.

111 11 1011111111, 10. 011111 prodigii 010011, 11111 (11111111, Numidam

011111 lustratur, 0011111111 Ju-
-uentur 00011011 0101110111,11110
101111011101101110011,1,10.0011.

1111. 111110 rum 11111111.
00, 00. 01111011 1111 1111111110 110
1001001100, 10111.

1101111 1 (111111, 4011111111ιο 1110- (1101118111111111111, 00, 41.
11011, 47. 110011111 10 0011111010, 010111 00111111 1111111 infigunt, 111

41111111 111 0001111111,οο01001-
rricius 11 Capitolio 1110111110, 0, 00.

11 equorum 0001011011 0110111111
0100111111ιί 80110111, 10, 00.

1111111 11 (110110110 0101111,1, 0. capium 11111 1001111111 1111111 Τ.

04, 10. 1011111 101110, 07, 0011 00
10011101 1011 0111010111, autequam
10 01011101110111011011111, 01,
11,11.11,40.

01110111 11111110οω111, 011 1111111110
10 10 1111111 1111111, 04, 00.

10. Cupitis 10111111 11101 1011111001 111101·

101, 1, 01.

11 01011011. m ..11 rori. ...01 010111 harum 1111111111, 10111111.

endu ’1110111101 1111111 1001011
fundamentis, 1, 00. 1011111 uetuit

gutulum, 1010111011 01101101, 04,

101011111101011011, 00. 01110111- 01011011011111111 111 1000111110 101-

011 11011111 Pulvillus, 0,0.1110·
1600011111αο 01111110 capitolin,

10,10 1011 111111 0111110000. 1101·
(ἐξ, 81101101 11 Fulvium 11101011,

1101011101 110101Ιί1 1111111ωο111 00- 0101111111111111 1101011 11010 111 1001.

111111 autumno. 0, 44.
-· 11111111 101101 001111, 10, 00.

ndi· 1011οἃ 11011 ’1010011 111111·
nuntio iuvenum, 1, 00.

.. 11011111 eum 110111 1101011 uum, 0101104111101111,0, 00. 10, 00.
1100111010, 01 1111110101 111 10· 010018111111,101111οι,1,0.Ι

01107,0.’
-01111101111100,00,10

01001 du, 11000 0101111111, 4, 07.
car-bh, 11101 11000101, 41,0.

*8101111111 rx 1111010010 1100110 0011111, 00,40.10,10.

001111, 00, 00

0101101111111111,0111111111.Ὶ
0101101111, 110. 11101111, Quinum, Θω1111101111,00,10.

8011111.
(1100110011, 07 01. 40, 00.

1110110 01111, 1, 16.
(1101111 110 01101110111111, 0, 17

0111011111 1001 11111111 1 101101

011111, 07,0.

Curuus, 0111101 0110111110 1αο ri·

00111101 10 00 1011111. ms.

0111111111, 1111101111 111 11101110 101,

amo.

- nonninus 1100011 00110 1111101111· 0111110011, 111101 (rarii, lllyriorum

0111 111011β110101101 01101111 011110-
1110 1011101111, 00, 06.

10011, 44, 00. 01011111 11011111 1111-

111111, 00. 111 triumpho L. 1111011 0111-

captivorum commutandorum 11110, 110111011111100011101,40,4ι

11, 18.

0111000111. 11011111.

0100101111 10110100001111111 011110, 011ω10110011110101111101,1,00.

30,00.0011111111101 1111 11111101,-

-11101101,04, 44. 1110 1011110111·
1111111001 20.

 

